0.00000
8.39121
15.86122
1.75129
7.57856
20.00000
15.90805
0.00000
12.08004
20.00000
16.48212
11.36573
7.73427
19.27985
0.00000
10.00000
2.35963
0.00000
13.74823
16.37096
20.00000
0.66408
0.00000
10.00000
0.00000
13.81580
4.27994
13.90490
4.04190
20.00000
20.00000
15.11176
6.46603
11.57586
20.00000
13.96123
14.40379
10.13840
0.00000
6.21560
20.00000
4.97242
15.80823
0.00000
9.96208
4.57071
5.15915
20.00000
20.00000
13.11878
11.35403
10.00000
0.00000
5.36954
13.13927
5.78404
0.00000
0.00000
6.79638
7.38923
11.86216
20.00000
14.07366
13.74609
3.99285
20.00000
0.00000
4.98586
10.00000
14.43373
0.00000
8.52154
next
0.00000
8.39121
15.86122
1.75129
7.57856
20.00000
0.00000
20.00000
20.00000
13.74823
16.37096
20.00000
13.74609
3.99285
20.00000
0.00000
0.00000
20.00000
next
0.00000
8.39121
15.86122
0.00000
20.00000
0.00000
0.00000
4.98586
10.00000
0.66408
0.00000
10.00000
0.00000
0.00000
0.00000
0.00000
0.00000
20.00000
next
13.74609
3.99285
20.00000
15.90805
0.00000
12.08004
20.00000
0.00000
20.00000
0.00000
0.00000
20.00000
0.66408
0.00000
10.00000
next
11.86216
20.00000
14.07366
20.00000
20.00000
0.00000
20.00000
20.00000
20.00000
6.21560
20.00000
4.97242
next
14.43373
0.00000
8.52154
15.80823
0.00000
9.96208
20.00000
0.00000
0.00000
next
10.00000
0.00000
5.36954
10.00000
2.35963
0.00000
0.00000
0.00000
0.00000
20.00000
0.00000
0.00000
13.13927
5.78404
0.00000
0.66408
0.00000
10.00000
next
10.00000
0.00000
5.36954
20.00000
0.00000
0.00000
14.43373
0.00000
8.52154
next
7.73427
19.27985
0.00000
0.00000
20.00000
0.00000
10.00000
2.35963
0.00000
0.00000
0.00000
0.00000
next
6.21560
20.00000
4.97242
0.00000
20.00000
0.00000
11.57586
20.00000
13.96123
next
7.73427
19.27985
0.00000
0.00000
20.00000
0.00000
20.00000
20.00000
0.00000
6.21560
20.00000
4.97242
13.13927
5.78404
0.00000
next
13.74609
3.99285
20.00000
20.00000
13.11878
11.35403
13.90490
4.04190
20.00000
20.00000
0.00000
0.00000
20.00000
0.00000
20.00000
20.00000
20.00000
20.00000
next
20.00000
0.00000
0.00000
15.90805
0.00000
12.08004
15.80823
0.00000
9.96208
20.00000
0.00000
20.00000
next
20.00000
0.00000
0.00000
20.00000
15.11176
6.46603
20.00000
13.11878
11.35403
next
13.13927
5.78404
0.00000
20.00000
15.11176
6.46603
20.00000
16.48212
11.36573
20.00000
0.00000
0.00000
20.00000
20.00000
0.00000
20.00000
20.00000
20.00000
next
20.00000
20.00000
20.00000
20.00000
13.11878
11.35403
20.00000
16.48212
11.36573
next
0.00000
8.39121
15.86122
0.00000
20.00000
0.00000
11.57586
20.00000
13.96123
0.00000
20.00000
20.00000
11.86216
20.00000
14.07366
next
11.86216
20.00000
14.07366
13.90490
4.04190
20.00000
0.00000
20.00000
20.00000
20.00000
20.00000
20.00000
next
